Enfermedades_infecciosas_y_parasitarias
385
331
329
294
331
287
329
366
305
300
301
384
468
328
349
286
314
334
305
298
258
247
282
312
277
270
310
249
274
281
291
301
223
276
291
329
385
321
295
250
242
271
252
264
253
228
258
256
310
273
313
275
236
254
286
249
231
288
268
249
328
253
283
261
262
224
313
233
246
262
282
389
352
286
283
265
278
250
304
278
257
273
232
305
340
291
324
290
264
275
331
325
315
335
306
322
344
348
411
297
305
316
327
387
343
346
367
424
443
430
356
385
405
400
487
493
408
405
440
433
542
476
495
432
467
461
523
519
463
480
481
538
578
524
542
516
526
542
597
580
536
575
516
576
673
632
606
565
620
571
671
692
582
652
609
614
674
693
733
666
653
686
728
749
687
710
678
779
827
706
797
692
701
645
881
788
731
710
764
808
893
795
858
816
781
819
886
853
787
876
808
966
909
868
924
818
816
861
885
848
786
793
744
862
880
654
661
633
585
557
595
593
515
505
518
566
581
619
583
513
550
475
566
558
479
463
435
531
660
612
602
509
537
449
552
544
485
519
481
580
692
545
532
530
480
489
484
567
488
501
456
520
606
480
536
522
572
497
566
602
487
530
551
608
701
565
595
529
543
535
552
538
489
527
520
642
629
564
639
540
555
643
666
767
527
585
559
628
752
578
619
600
543
542
585
600
552
566
604
677
856
672
701
573
607
580
638
578
531
592
551
614
661
576
594
596
562
588
697
564
580
567
552
664
702
727
708
651
584
638
640
614
528
631
627
732
751
702
720
660
600
571
623
596
542
637
599
711
788
571
591
542
584
537
539
509
463
542
525
652
685
563
570
500
524
500
551
510
500
486
534
566
651
548
569
503
493
488
523
576
480
538
482
547
672
659
613
571
534
513
479
512
474
471
472
550
566
531
619
488
487
467
497
534
441
494
503
582
655
558
554
506
524
490
536
543
497
542
495
608
766
670
669
642
573
565
709
618
550
625
575
605
635
583
648
599
531
571
589
586
547
563
553
628
725
605
564
527
510
556
522
565
507
546
553
639
